CEG05 14 46 0 0 0 53381
CEG07 24 152 0 46 0 2387
CEG09 22 140 0 1436 2577 70215
CEG02 18 57 0 0 0 13009
CEG09 20 127 0 12752 8527 42993
CEG06 2 1 19570 0 0 4220
CEG01 10 7 28052 0 0 0
CEG09 16 102 0 2342 9710 34290
CEG02 9 30 0 0 0 3720
CEG06 10 26 1435 0 0 5082
CEG09 22 141 0 1921 1944 9134
CEG07 8 45 0 29050 0 3432
CEG05 24 71 0 0 0 19918
CEG02 2 4 0 0 0 10008
CEG09 24 158 0 1981 731 48320
CEG06 15 38 5584 0 0 3012
CEG03 24 146 0 3293 2167 8467
CEG07 9 56 0 803 0 6238
CEG07 14 81 0 18253 0 8990
CEG01 29 20 56832 0 0 0
CEG09 25 163 0 14662 1819 52565
CEG03 3 21 0 2616 3650 6157
CEG03 23 135 0 1300 3717 9389
CEG07 30 190 0 36414 0 1654
CEG02 21 64 0 0 0 17815
CEG01 7 5 73096 0 0 0
CEG06 28 70 15016 0 0 10683
CEG03 11 64 0 4623 2519 5534
CEG07 5 21 0 24905 0 5172
CEG09 29 184 0 4188 9067 10354
CEG07 8 44 0 33471 0 5064
CEG05 4 11 0 0 0 17620
CEG07 6 31 0 14124 0 5704
CEG07 13 74 0 13989 0 949
CEG03 30 189 0 1252 1433 5461
CEG03 13 82 0 4347 3687 6042
CEG07 26 164 0 16754 0 2533
CEG02 7 18 0 0 0 21003
CEG03 6 38 0 1530 126 3901
CEG03 22 134 0 1775 4943 9311
CEG09 1 4 0 9233 2335 59805
CEG06 28 69 11385 0 0 9964
CEG02 13 44 0 0 0 10172
CEG07 19 117 0 28601 0 2429
CEG07 1 2 0 18052 0 7186
CEG03 3 23 0 3844 3762 9760
CEG09 27 175 0 4655 3147 7189
CEG09 25 160 0 2215 2974 50210
CEG07 31 195 0 22933 0 5788
CEG09 27 172 0 14154 9317 76129
CEG07 30 194 0 29925 0 3593
CEG02 10 32 0 0 0 17766
CEG02 11 33 0 0 0 17003
CEG02 11 34 0 0 0 16803
CEG03 7 39 0 2290 4834 2044
CEG02 12 36 0 0 0 12071
CEG03 9 54 0 4761 1629 9093
CEG02 4 10 0 0 0 8723
CEG02 13 43 0 0 0 16952
CEG03 30 188 0 1862 3206 9606
CEG02 13 41 0 0 0 15236
CEG03 19 112 0 2560 1436 5182
CEG07 13 77 0 35143 0 7913
CEG07 24 150 0 6572 0 5249
CEG07 24 147 0 30689 0 8802
CEG02 14 46 0 0 0 3782
CEG01 13 9 82125 0 0 0
CEG02 14 48 0 0 0 12807
CEG06 10 27 22798 0 0 10672
CEG03 23 140 0 73 4761 4009
CEG03 28 176 0 1165 3464 5144
CEG09 3 16 0 10352 5169 44036
CEG03 13 80 0 932 981 3182
CEG02 30 95 0 0 0 13851
CEG06 22 53 1615 0 0 19463
CEG07 30 189 0 33199 0 8929
CEG03 12 69 0 497 2661 5460
CEG06 20 48 17960 0 0 14194
CEG07 11 61 0 9251 0 8649
CEG03 25 151 0 283 4077 2103
CEG09 9 51 0 11197 582 51438
CEG03 6 36 0 974 533 9716
CEG07 21 132 0 12400 0 9783
CEG05 9 25 0 0 0 97268
CEG05 21 66 0 0 0 69557
CEG02 21 66 0 0 0 9835
CEG09 6 35 0 2798 2512 57669
CEG03 6 33 0 2448 4836 3135
CEG07 15 90 0 22936 0 6820
CEG02 17 55 0 0 0 8531
CEG05 15 50 0 0 0 86345
CEG03 25 149 0 1185 4880 3477
CEG09 15 100 0 7720 4902 21417
CEG03 15 93 0 1084 3907 378
CEG03 13 78 0 4877 2599 1515
CEG09 24 154 0 11136 4012 51423
CEG09 8 42 0 4481 8978 51586
CEG02 25 78 0 0 0 5963
CEG03 3 22 0 1993 2096 6183
CEG06 6 15 11247 0 0 11295
CEG03 1 4 0 611 877 7606
CEG07 31 199 0 32405 0 3623
CEG09 29 187 0 9983 2774 48061
CEG02 15 51 0 0 0 2116
CEG09 25 165 0 2860 2801 19259
CEG09 23 149 0 678 9018 73674
CEG03 20 118 0 1116 3055 3451
CEG01 23 16 26433 0 0 0
CEG03 20 120 0 3152 1681 3129
CEG02 27 87 0 0 0 10345
CEG01 20 14 66181 0 0 0
CEG07 28 175 0 25694 0 2811
CEG02 29 93 0 0 0 1685
CEG03 30 186 0 516 1177 7936
CEG09 18 113 0 1881 1821 50954
CEG03 2 13 0 1977 1349 7864
CEG03 6 34 0 3288 1345 2170
CEG07 4 17 0 6520 0 9439
CEG07 30 192 0 24440 0 8010
CEG05 2 4 0 0 0 93299
CEG05 9 24 0 0 0 23038
CEG06 3 8 2430 0 0 18295
CEG03 1 6 0 1784 297 2571
CEG05 31 96 0 0 0 66361
CEG07 26 160 0 34740 0 5284
CEG03 12 72 0 2806 1531 9874
CEG03 8 47 0 1335 657 192
CEG05 19 62 0 0 0 24021
CEG07 16 96 0 8112 0 4156
CEG03 19 114 0 1701 829 8698
CEG05 18 59 0 0 0 96030
CEG02 7 20 0 0 0 19604
CEG07 8 47 0 29494 0 1039
CEG07 30 185 0 20552 0 8228
CEG03 3 18 0 2886 4430 7264
CEG03 3 19 0 3987 1158 5782
CEG07 14 83 0 21412 0 9926
CEG02 2 3 0 0 0 15176
CEG01 22 15 88743 0 0 0
CEG09 13 84 0 14857 8025 42940
CEG05 28 89 0 0 0 37648
CEG03 12 75 0 3254 3876 1161
CEG02 19 60 0 0 0 13099
CEG07 13 76 0 12398 0 5575
CEG06 20 49 5807 0 0 19334
CEG07 11 64 0 13512 0 6037
CEG09 12 82 0 7612 5127 58815
CEG07 18 108 0 16625 0 2135
CEG03 11 65 0 1007 1573 8055
CEG09 16 105 0 4571 2727 48109
CEG05 28 87 0 0 0 96626
CEG03 18 110 0 439 4679 1410
CEG02 1 1 0 0 0 9109
CEG03 7 41 0 4736 2518 8829
CEG09 5 26 0 5141 137 55311
CEG02 11 35 0 0 0 10095
CEG03 7 40 0 526 361 2934
CEG07 22 139 0 34539 0 1595
CEG02 22 67 0 0 0 17665
CEG03 7 43 0 4344 986 6217
CEG01 1 1 100000 0 0 0
CEG03 7 42 0 3145 2928 2910
CEG05 19 61 0 0 0 66304
CEG05 3 9 0 0 0 47155
CEG01 16 11 72696 0 0 0
CEG07 27 169 0 6281 0 7215
CEG02 20 62 0 0 0 10690
CEG03 8 51 0 830 1921 8951
CEG02 27 86 0 0 0 18922
CEG03 8 53 0 1670 934 3692
CEG09 19 118 0 12069 5391 77783
CEG03 24 145 0 2835 4590 6181
CEG03 10 57 0 3500 3100 2264
CEG02 30 96 0 0 0 5295
CEG07 27 171 0 9622 0 8962
CEG09 14 92 0 9834 3613 47659
CEG07 14 82 0 18380 0 3608
CEG03 11 62 0 1479 4252 5025
CEG05 10 27 0 0 0 61810
CEG07 20 126 0 37641 0 1822
CEG07 31 196 0 1736 0 2808
CEG02 3 5 0 0 0 18952
CEG05 14 47 0 0 0 26166
CEG07 29 184 0 25641 0 1153
CEG03 19 113 0 1677 4145 9781
CEG07 1 5 0 10715 0 8092
CEG05 6 17 0 0 0 60123
CEG05 5 14 0 0 0 22968
CEG03 12 73 0 2637 270 4726
CEG07 20 127 0 4550 0 5627
CEG06 23 54 3871 0 0 14395
CEG02 31 97 0 0 0 6686
CEG07 17 99 0 26007 0 6628
CEG03 2 11 0 3515 2785 9916
CEG07 5 24 0 26938 0 1384
CEG07 15 92 0 5150 0 9915
CEG03 13 81 0 4782 2723 1924
CEG09 19 120 0 7813 5362 66375
CEG07 11 63 0 7254 0 4463
CEG03 14 91 0 2396 1704 8577
CEG03 14 85 0 649 4414 238
CEG02 14 49 0 0 0 21694
CEG05 15 51 0 0 0 22933
CEG06 4 10 22704 0 0 2790
CEG02 26 85 0 0 0 2353
CEG03 14 90 0 4415 916 3224
CEG09 12 81 0 9547 6705 48287
CEG05 26 77 0 0 0 55300
CEG09 20 124 0 5050 3489 3520
CEG01 2 2 71907 0 0 0
CEG07 21 135 0 12337 0 2563
CEG07 10 57 0 3764 0 6423
CEG09 11 69 0 5135 5138 6666
CEG02 27 89 0 0 0 9021
CEG07 26 165 0 3287 0 3234
CEG07 19 113 0 29105 0 2031
CEG06 13 34 9489 0 0 17857
CEG09 1 1 0 7153 5274 63576
CEG03 17 103 0 2187 4878 8077
CEG07 29 183 0 8795 0 973
CEG03 18 105 0 85 2836 2723
CEG03 18 106 0 1537 2536 5020
CEG03 17 99 0 1092 4670 7254
CEG05 16 54 0 0 0 92680
CEG03 18 109 0 1748 129 2335
CEG09 9 55 0 8361 6537 56716
CEG02 22 71 0 0 0 6629
CEG03 21 124 0 3770 4859 6783
CEG07 19 112 0 5659 0 2128
CEG09 12 79 0 10998 2482 14665
CEG03 31 197 0 3381 776 7750
CEG09 24 150 0 14435 5082 31273
CEG05 12 37 0 0 0 54826
CEG07 16 95 0 10839 0 5046
CEG05 15 48 0 0 0 39711
CEG03 11 63 0 2495 4691 3319
CEG09 13 89 0 258 2412 26205
CEG03 21 130 0 652 1763 8055
CEG07 7 37 0 28308 0 5802
CEG03 5 32 0 1367 1463 3704
CEG03 8 45 0 4792 211 6900
CEG03 22 133 0 4151 813 6517
CEG03 26 164 0 1264 4398 6478
CEG05 27 84 0 0 0 75977
CEG03 21 129 0 3572 2417 9949
CEG09 18 111 0 2623 2159 56394
CEG06 2 2 12489 0 0 5402
CEG03 22 132 0 3326 1661 8161
CEG03 21 125 0 2619 3296 7947
CEG09 24 155 0 5745 3168 32817
CEG06 17 43 12683 0 0 4514
CEG03 4 25 0 2353 4572 3869
CEG06 11 29 18117 0 0 15753
CEG03 23 138 0 3308 1786 7294
CEG03 23 139 0 3615 1572 7593
CEG02 14 45 0 0 0 3485
CEG03 25 150 0 3816 4710 178
CEG07 28 173 0 8583 0 7272
CEG05 26 79 0 0 0 93760
CEG07 30 187 0 37281 0 5136
CEG09 1 6 0 4916 7079 18080
CEG07 10 59 0 29689 0 7890
CEG05 2 5 0 0 0 91101
CEG03 25 148 0 215 2900 6895
CEG09 20 121 0 3992 7917 47751
CEG03 25 153 0 3894 3928 6271
CEG07 25 155 0 2267 0 2197
CEG03 25 152 0 1254 759 3652
CEG02 24 77 0 0 0 12184
CEG03 29 179 0 1293 53 7702
CEG02 27 88 0 0 0 17722
CEG09 8 44 0 7537 7792 13512
CEG02 16 53 0 0 0 8171
CEG03 18 107 0 4998 4802 3662
CEG01 28 19 84984 0 0 0
CEG03 26 160 0 2313 1186 1402
CEG03 26 161 0 4596 2111 9165
CEG03 21 127 0 1365 3034 5898
CEG09 27 176 0 12024 9414 62564
CEG03 31 194 0 3106 667 9602
CEG02 6 15 0 0 0 14318
CEG06 18 46 6112 0 0 8142
CEG07 3 11 0 21268 0 5036
CEG07 18 106 0 23159 0 7928
CEG02 1 2 0 0 0 6395
CEG07 14 87 0 14641 0 3067
CEG03 16 97 0 638 1785 9726
CEG09 1 3 0 6878 6282 77270
CEG03 28 173 0 4620 1578 6500
CEG05 10 31 0 0 0 40786
CEG06 25 61 17435 0 0 12323
CEG09 7 39 0 4422 8352 18666
CEG09 14 94 0 4405 7287 36088
CEG03 14 86 0 104 56 549
CEG09 5 27 0 13251 8680 38996
CEG09 20 125 0 14680 2884 10037
CEG09 8 45 0 7738 692 77344
CEG03 5 29 0 1631 629 6710
CEG05 7 22 0 0 0 43739
CEG01 17 12 24891 0 0 0
CEG05 3 8 0 0 0 57320
CEG03 29 178 0 175 3850 8181
CEG07 27 170 0 37896 0 3548
CEG09 14 91 0 291 3679 32240
CEG03 25 155 0 3123 2859 9970
CEG09 24 159 0 5184 7019 25573
CEG02 29 92 0 0 0 12683
CEG09 24 151 0 10240 5693 62763
CEG03 28 175 0 3365 4292 1846
CEG09 22 139 0 4445 245 71230
CEG09 10 58 0 3489 9737 63370
CEG02 13 42 0 0 0 4945
CEG03 10 60 0 2171 761 8079
CEG07 11 65 0 10703 0 1217
CEG03 31 199 0 1631 2955 6747
CEG03 31 200 0 3608 2617 6442
CEG03 30 184 0 1314 96 1027
CEG09 2 11 0 2512 3723 75397
CEG05 2 3 0 0 0 58877
CEG03 28 177 0 2913 3366 7415
CEG07 10 60 0 32315 0 3724
CEG09 3 17 0 10674 5982 69964
CEG05 26 80 0 0 0 60886
CEG05 27 83 0 0 0 48259
CEG03 9 56 0 2379 1738 9829
CEG07 26 167 0 39809 0 7621
CEG03 8 50 0 2652 4076 3258
CEG02 29 90 0 0 0 8122
CEG03 11 68 0 3310 4151 1953
CEG03 27 166 0 4717 2092 82
CEG03 26 165 0 1097 2070 4034
CEG05 13 42 0 0 0 32859
CEG02 8 26 0 0 0 6602
CEG05 12 38 0 0 0 94499
CEG05 7 19 0 0 0 42457
CEG03 5 30 0 1325 4348 3469
CEG03 5 28 0 2782 2627 5103
CEG06 6 17 7425 0 0 16002
CEG05 8 23 0 0 0 21461
CEG09 20 122 0 10547 2601 63505
CEG03 11 67 0 4572 3 4300
CEG05 26 81 0 0 0 40498
CEG09 6 33 0 8452 8425 14607
CEG06 21 51 3763 0 0 11788
CEG05 10 29 0 0 0 62323
CEG03 29 182 0 3870 4655 5633
CEG05 4 10 0 0 0 31972
CEG07 4 18 0 3088 0 7014
CEG07 3 13 0 34655 0 932
CEG09 20 123 0 13849 5847 30960
CEG03 12 74 0 158 4884 4092
CEG07 6 33 0 19423 0 680
CEG09 27 170 0 2745 9074 25719
CEG03 12 70 0 4772 3729 4624
CEG09 1 7 0 3770 9603 53168
CEG05 13 40 0 0 0 60165
CEG05 13 41 0 0 0 73383
CEG06 24 59 20468 0 0 16623
CEG05 14 43 0 0 0 88438
CEG02 7 19 0 0 0 5182
CEG07 23 142 0 38411 0 4305
CEG06 8 24 12056 0 0 14910
CEG05 29 91 0 0 0 54196
CEG03 20 119 0 797 2409 8805
CEG09 30 189 0 10006 5544 11125
CEG09 3 14 0 518 4748 26124
CEG03 19 117 0 2487 4554 4266
CEG05 16 52 0 0 0 46313
CEG05 16 53 0 0 0 51436
CEG07 11 66 0 26716 0 274
CEG06 26 67 11464 0 0 18444
CEG01 14 10 44279 0 0 0
CEG03 26 158 0 4562 4642 9861
CEG03 24 144 0 4892 3330 7506
CEG06 24 56 14031 0 0 1247
CEG07 18 105 0 1166 0 2890
CEG07 25 158 0 9515 0 5821
CEG06 7 21 22903 0 0 14574
CEG07 7 41 0 16792 0 3165
CEG05 24 72 0 0 0 65624
CEG07 4 19 0 34461 0 5896
CEG05 21 68 0 0 0 65391
CEG09 22 138 0 13449 6707 53928
CEG03 13 77 0 676 821 8985
CEG05 22 69 0 0 0 55831
CEG05 23 70 0 0 0 17529
CEG09 2 12 0 6151 518 59625
CEG07 29 182 0 3444 0 7332
CEG09 24 153 0 13265 1916 45762
CEG07 9 51 0 11403 0 7213
CEG03 1 8 0 3638 24 9759
CEG05 25 76 0 0 0 51761
CEG02 23 73 0 0 0 12172
CEG09 26 169 0 1186 5505 39152
CEG09 26 166 0 13388 430 43664
CEG05 3 7 0 0 0 96632
CEG03 3 16 0 190 4847 7921
CEG09 27 171 0 4877 7366 70550
CEG02 18 59 0 0 0 15120
CEG03 26 162 0 1545 4608 8506
CEG05 27 85 0 0 0 60179
CEG07 30 193 0 36667 0 6124
CEG03 2 12 0 3335 2893 6621
CEG03 29 180 0 193 861 7775
CEG06 3 7 17324 0 0 9964
CEG09 12 75 0 10687 5041 3086
CEG07 29 180 0 13839 0 8357
CEG03 4 26 0 1882 1807 2721
CEG03 10 59 0 1371 1239 5781
CEG07 16 94 0 5953 0 9994
CEG05 30 95 0 0 0 93860
CEG02 15 50 0 0 0 13660
CEG05 31 97 0 0 0 37861
CEG07 12 71 0 24412 0 1096
CEG09 23 143 0 5981 1741 68452
CEG07 14 86 0 24751 0 1018
CEG07 7 42 0 33129 0 3816
CEG09 1 2 0 7377 8003 38318
CEG03 23 136 0 3741 3497 9517
CEG09 16 103 0 2034 9505 78357
CEG09 14 95 0 5074 6168 9601
CEG03 23 137 0 2752 3315 5684
CEG07 5 23 0 28400 0 6564
CEG03 30 185 0 1791 2730 1417
CEG09 11 66 0 14047 3561 39757
CEG09 29 181 0 291 7944 21660
CEG05 18 60 0 0 0 58436
CEG07 21 133 0 32704 0 4006
CEG09 10 56 0 11908 9762 23221
CEG02 4 9 0 0 0 20786
CEG09 3 15 0 7262 6332 53291
CEG03 28 169 0 684 720 8869
CEG05 2 6 0 0 0 28114
CEG07 15 91 0 3865 0 2428
CEG09 3 19 0 12612 9789 15239
CEG07 31 197 0 15022 0 1116
CEG09 14 90 0 12290 7927 1971
CEG09 5 29 0 6764 1452 42176
CEG01 26 18 60742 0 0 0
CEG09 4 24 0 6906 8673 64948
CEG06 24 57 23895 0 0 1144
CEG09 18 114 0 10306 3771 21328
CEG09 4 22 0 9623 4480 67953
CEG09 5 28 0 692 2551 20701
CEG05 29 92 0 0 0 18987
CEG07 12 68 0 36993 0 6984
CEG05 31 99 0 0 0 66979
CEG07 23 143 0 4392 0 2891
CEG03 12 76 0 3364 2162 5235
CEG09 6 34 0 12212 8877 33146
CEG03 26 163 0 2701 1581 7661
CEG09 16 104 0 6526 208 50344
CEG07 2 10 0 9838 0 7965
CEG05 29 93 0 0 0 98468
CEG03 14 87 0 396 2132 998
CEG09 21 132 0 12068 4209 46193
CEG02 24 76 0 0 0 20863
CEG07 15 93 0 32471 0 1103
CEG09 10 63 0 7789 6335 45903
CEG07 13 79 0 19823 0 21
CEG06 7 19 4869 0 0 3489
CEG09 8 46 0 1112 8596 312
CEG09 6 31 0 8438 2135 75049
CEG09 3 20 0 3704 9335 62261
CEG03 14 84 0 4090 2912 2952
CEG03 19 116 0 3714 2180 5400
CEG07 28 179 0 14866 0 8762
CEG02 8 23 0 0 0 15386
CEG05 24 74 0 0 0 82292
CEG02 7 21 0 0 0 3808
CEG03 1 1 0 4796 2916 7011
CEG09 17 106 0 7116 2267 49275
CEG03 17 100 0 3053 1528 5257
CEG03 31 198 0 4883 1727 2685
CEG09 11 67 0 5285 3137 7432
CEG06 8 22 4321 0 0 16479
CEG09 11 68 0 8334 8004 47777
CEG09 10 62 0 11183 7559 56885
CEG07 25 157 0 35098 0 4992
CEG02 9 29 0 0 0 1678
CEG09 6 32 0 1816 1532 77564
CEG09 12 77 0 9110 9242 4501
CEG01 25 17 65267 0 0 0
CEG07 7 40 0 12943 0 2099
CEG07 17 103 0 26289 0 2081
CEG09 10 64 0 8715 1816 76674
CEG03 1 5 0 2098 2773 3315
CEG07 31 198 0 751 0 4452
CEG01 11 8 72836 0 0 0
CEG09 12 80 0 11489 4032 19103
CEG03 27 168 0 4542 3260 8778
CEG09 12 76 0 57 5820 40982
CEG06 25 60 17470 0 0 7890
CEG07 1 6 0 8487 0 5343
CEG05 7 21 0 0 0 67620
CEG01 8 6 24471 0 0 0
CEG06 22 52 15794 0 0 17788
CEG09 31 195 0 6668 891 43098
CEG07 26 161 0 13447 0 9255
CEG09 22 135 0 8015 1182 38413
CEG07 13 78 0 16426 0 4201
CEG03 24 147 0 430 4830 7841
CEG09 13 87 0 8496 3385 73521
CEG09 13 88 0 8476 2413 7674
CEG03 20 121 0 40 1748 396
CEG07 7 38 0 6957 0 144
CEG05 28 90 0 0 0 92448
CEG07 15 88 0 30485 0 1216
CEG09 14 93 0 10960 2050 78226
CEG07 16 98 0 1793 0 7112
CEG09 1 5 0 7604 4234 17052
CEG09 7 41 0 4900 4885 41625
CEG03 13 79 0 1889 4919 5081
CEG05 26 78 0 0 0 63295
CEG03 23 143 0 928 4293 3269
CEG02 19 61 0 0 0 9639
CEG06 11 30 9964 0 0 16432
CEG06 15 39 608 0 0 13246
CEG07 27 168 0 39418 0 4150
CEG03 21 123 0 3770 2524 2799
CEG02 26 83 0 0 0 21582
CEG03 31 191 0 1850 4427 1433
CEG03 30 183 0 498 3663 6614
CEG07 24 149 0 10677 0 9919
CEG09 17 109 0 9297 1297 13288
CEG09 17 110 0 5158 3453 22879
CEG07 28 176 0 16270 0 3874
CEG09 18 112 0 10800 8803 21543
CEG05 16 55 0 0 0 19852
CEG09 12 78 0 12405 1040 69223
CEG07 21 131 0 29613 0 7361
CEG09 18 116 0 11505 5848 73122
CEG09 31 197 0 13861 355 16313
CEG07 5 25 0 19691 0 8488
CEG03 16 95 0 2575 1585 5819
CEG02 16 52 0 0 0 14772
CEG06 11 31 24938 0 0 4127
CEG03 19 111 0 3534 3030 4757
CEG09 2 10 0 14502 8606 26648
CEG09 3 18 0 332 8377 50635
CEG07 17 101 0 26646 0 9372
CEG05 14 44 0 0 0 58166
CEG07 18 109 0 30810 0 4679
CEG09 23 145 0 6524 6941 714
CEG09 31 196 0 7914 6750 74465
CEG09 21 130 0 10933 4689 3920
CEG09 19 119 0 3765 8306 37444
CEG03 30 190 0 3650 1140 7421
CEG05 1 1 0 0 0 18427
CEG03 28 172 0 2434 3763 1404
CEG09 29 185 0 1434 6518 44159
CEG03 8 46 0 4189 3701 5706
CEG02 14 47 0 0 0 20966
CEG02 29 91 0 0 0 21062
CEG07 23 146 0 14541 0 7007
CEG07 12 73 0 12924 0 4992
CEG02 8 24 0 0 0 5539
CEG09 24 157 0 10116 7515 25032
CEG07 18 104 0 7660 0 5718
CEG09 23 144 0 8126 849 60986
CEG07 25 153 0 19325 0 7549
CEG06 7 20 15658 0 0 14319
CEG09 23 147 0 339 6453 42947
CEG09 29 182 0 5103 345 72889
CEG02 6 17 0 0 0 2346
CEG09 9 50 0 13285 8262 25088
CEG07 19 118 0 636 0 1593
CEG09 24 152 0 3795 279 51231
CEG06 16 41 3972 0 0 1743
CEG06 9 25 436 0 0 15692
CEG03 11 66 0 549 1746 6025
CEG09 25 162 0 7068 8590 40683
CEG09 7 36 0 953 7032 48997
CEG05 19 63 0 0 0 94997
CEG03 28 170 0 1120 3170 9920
CEG03 4 27 0 3499 4796 549
CEG03 3 20 0 3625 1746 5130
CEG02 12 40 0 0 0 1491
CEG03 13 83 0 2594 3200 84
CEG09 25 164 0 5395 6604 40680
CEG03 14 89 0 2819 1058 3797
CEG07 8 50 0 6550 0 6419
CEG03 14 88 0 112 4095 5816
CEG03 17 104 0 2957 4020 2297
CEG09 31 191 0 12246 764 41008
CEG05 18 58 0 0 0 52839
CEG09 13 83 0 4126 1246 14290
CEG03 1 10 0 749 3575 3108
CEG05 12 39 0 0 0 52441
CEG09 15 99 0 4654 714 33860
CEG03 3 17 0 3121 1023 9844
CEG02 17 54 0 0 0 21281
CEG07 28 177 0 4936 0 6358
CEG09 31 193 0 76 9701 22107
CEG03 16 94 0 2559 770 7922
CEG03 2 14 0 4080 502 1053
CEG09 9 49 0 1614 704 67060
CEG09 23 148 0 6392 8702 76378
CEG05 7 20 0 0 0 67777
CEG09 22 134 0 2339 8437 9
CEG09 6 30 0 4707 5692 5747
CEG09 29 186 0 2408 6467 76784
CEG05 10 28 0 0 0 89611
CEG09 9 52 0 13235 4874 31499
CEG09 11 71 0 1024 4361 54971
CEG09 11 74 0 14967 2746 27037
CEG05 21 67 0 0 0 96797
CEG03 21 126 0 2481 4566 2189
CEG06 25 63 22088 0 0 6256
CEG05 12 36 0 0 0 80405
CEG05 10 26 0 0 0 49665
CEG09 21 129 0 6680 3702 53399
CEG09 9 48 0 13703 1576 5617
CEG06 23 55 7755 0 0 9000
CEG09 3 13 0 6906 8847 71817
CEG07 14 85 0 28701 0 9304
CEG09 9 53 0 13388 8878 27880
CEG07 6 30 0 34092 0 486
CEG02 25 79 0 0 0 2804
CEG06 3 4 15287 0 0 18927
CEG05 27 86 0 0 0 94473
CEG09 10 59 0 12911 4131 26109
CEG03 3 24 0 3347 4806 7895
CEG06 28 68 4770 0 0 11389
CEG06 4 9 6467 0 0 14511
CEG09 31 200 0 12301 6731 37876
CEG09 8 43 0 13079 1977 5015
CEG01 5 4 37316 0 0 0
CEG09 30 188 0 10549 8147 35852
CEG07 22 140 0 11485 0 3176
CEG02 25 80 0 0 0 13854
CEG07 19 116 0 18857 0 1782
CEG03 31 193 0 479 4494 9274
CEG03 10 58 0 3169 4191 9407
CEG02 24 74 0 0 0 4441
CEG09 31 194 0 2509 1802 54785
CEG09 22 137 0 12879 5009 352
CEG05 1 2 0 0 0 47670
CEG03 17 102 0 3430 1694 2415
CEG02 9 27 0 0 0 6175
CEG09 4 25 0 4783 2167 38310
CEG07 26 159 0 31035 0 8794
CEG09 29 183 0 9321 2470 27487
CEG05 17 57 0 0 0 43208
CEG09 15 98 0 13344 1995 5106
CEG06 4 11 21984 0 0 3944
CEG05 10 30 0 0 0 66113
CEG06 12 32 12411 0 0 4123
CEG07 12 72 0 950 0 5230
CEG07 23 141 0 8648 0 1582
CEG02 12 39 0 0 0 9581
CEG06 15 37 2481 0 0 3844
CEG07 1 7 0 35840 0 3169
CEG06 3 6 3886 0 0 13532
CEG02 12 38 0 0 0 16055
CEG07 2 9 0 26593 0 8603
CEG05 11 33 0 0 0 48148
CEG09 14 96 0 7692 2208 59137
CEG07 6 27 0 12293 0 6565
CEG07 9 52 0 35947 0 1878
CEG03 6 37 0 1697 2105 8701
CEG06 19 47 19397 0 0 16093
CEG07 29 181 0 13443 0 7952
CEG09 17 108 0 8739 9811 63988
CEG02 5 13 0 0 0 4346
CEG03 19 115 0 4146 2681 5530
CEG03 6 35 0 4080 4774 2433
CEG05 28 88 0 0 0 55468
CEG03 16 98 0 2266 536 7699
CEG07 17 100 0 39509 0 3304
CEG03 30 187 0 3465 4518 4511
CEG09 2 8 0 7469 3342 44091
CEG07 26 162 0 17179 0 1249
CEG09 20 126 0 11251 8262 45601
CEG02 25 81 0 0 0 7635
CEG07 12 70 0 16918 0 5011
CEG06 25 62 17334 0 0 6296
CEG02 12 37 0 0 0 1070
CEG02 5 12 0 0 0 12669
CEG03 18 108 0 3713 3776 8262
CEG07 18 107 0 17149 0 3243
CEG03 25 154 0 3359 2813 8406
CEG05 4 12 0 0 0 44946
CEG09 28 177 0 5525 4530 51983
CEG02 24 75 0 0 0 5118
CEG06 30 71 1771 0 0 11065
CEG06 31 72 11329 0 0 14988
CEG07 1 1 0 9505 0 1821
CEG03 10 61 0 3230 1692 3818
CEG07 1 3 0 5678 0 8080
CEG07 1 4 0 35639 0 4011
CEG07 21 134 0 3111 0 1857
CEG06 16 42 9691 0 0 13305
CEG05 24 75 0 0 0 94394
CEG09 22 142 0 5140 5382 58735
CEG07 7 35 0 9590 0 3044
CEG09 2 9 0 8373 112 47677
CEG03 27 167 0 3462 2096 8815
CEG07 3 12 0 24152 0 336
CEG02 5 14 0 0 0 3625
CEG07 3 14 0 18198 0 3205
CEG07 3 15 0 9219 0 1646
CEG05 14 45 0 0 0 29277
CEG07 28 178 0 7552 0 4066
CEG09 11 73 0 2009 8118 70831
CEG05 21 65 0 0 0 91186
CEG07 15 89 0 33646 0 7027
CEG07 8 49 0 13863 0 6864
CEG07 5 22 0 31588 0 6493
CEG09 31 198 0 2628 2437 9046
CEG03 21 128 0 3467 2951 250
CEG07 25 156 0 38756 0 6362
CEG07 6 26 0 34772 0 2105
CEG06 25 64 7708 0 0 5891
CEG07 6 28 0 8708 0 7339
CEG07 6 29 0 23131 0 4176
CEG03 21 131 0 3188 3525 4927
CEG06 2 3 11569 0 0 16605
CEG09 25 161 0 12159 4363 52543
CEG09 17 107 0 14633 5044 1611
CEG07 6 34 0 14854 0 9520
CEG09 4 23 0 12035 968 29318
CEG06 16 40 20795 0 0 6827
CEG09 10 60 0 6845 1910 65283
CEG05 11 34 0 0 0 40501
CEG05 4 13 0 0 0 88893
CEG03 5 31 0 419 3351 9205
CEG05 27 82 0 0 0 39098
CEG09 9 47 0 7971 3874 34874
CEG07 8 43 0 11813 0 1131
CEG09 9 54 0 1156 1916 39882
CEG03 8 48 0 3496 4628 4485
CEG01 4 3 27786 0 0 0
CEG06 11 28 15016 0 0 11711
CEG07 8 48 0 12505 0 521
CEG09 26 167 0 8281 8137 34735
CEG02 4 8 0 0 0 21187
CEG09 11 70 0 12731 215 5861
CEG03 1 7 0 3652 2437 4818
CEG02 22 69 0 0 0 15529
CEG02 8 25 0 0 0 16887
CEG09 22 133 0 9976 532 11280
CEG05 20 64 0 0 0 81041
CEG09 13 85 0 9092 3544 3086
CEG02 21 65 0 0 0 19027
CEG07 8 46 0 4924 0 4438
CEG02 17 56 0 0 0 2723
CEG09 4 21 0 13220 4917 60564
CEG07 11 62 0 9032 0 8965
CEG09 16 101 0 6199 4557 26188
CEG07 9 55 0 19305 0 2032
CEG02 6 16 0 0 0 6950
CEG09 20 128 0 3624 8889 40197
CEG07 12 67 0 31628 0 6816
CEG03 16 96 0 3016 4227 6370
CEG07 12 69 0 16712 0 6404
CEG07 10 58 0 25154 0 365
CEG09 13 86 0 11272 8431 23372
CEG02 3 6 0 0 0 15064
CEG07 9 54 0 20112 0 7271
CEG06 21 50 5093 0 0 18192
CEG07 13 75 0 19001 0 2760
CEG07 2 8 0 236 0 7517
CEG09 28 178 0 11560 5956 38169
CEG03 2 15 0 1830 3664 2760
CEG05 6 18 0 0 0 43692
CEG07 14 80 0 257 0 5122
CEG03 26 159 0 3084 799 433
CEG09 31 192 0 2239 8808 36261
CEG06 6 16 11996 0 0 3700
CEG07 18 110 0 21964 0 4249
CEG03 8 49 0 2383 3888 6450
CEG09 18 115 0 11346 4031 75813
CEG02 8 22 0 0 0 7136
CEG06 3 5 19273 0 0 2002
CEG07 4 20 0 6104 0 6657
CEG07 26 163 0 35710 0 6474
CEG05 31 100 0 0 0 59720
CEG03 1 9 0 4986 122 3485
CEG05 16 56 0 0 0 74688
CEG09 27 174 0 13504 2540 22064
CEG06 8 23 22002 0 0 10602
CEG03 8 52 0 100 3551 7653
CEG07 16 97 0 25359 0 9106
CEG07 18 111 0 33752 0 8337
CEG06 26 65 11844 0 0 10272
CEG09 10 61 0 12058 9862 29313
CEG07 21 137 0 5344 0 9454
CEG07 17 102 0 15098 0 5445
CEG06 4 13 21788 0 0 12823
CEG03 23 142 0 2372 581 2669
CEG06 26 66 22958 0 0 1152
CEG05 15 49 0 0 0 58351
CEG06 24 58 16568 0 0 18207
CEG03 31 195 0 4265 1598 6539
CEG09 24 156 0 3472 4616 77056
CEG09 10 57 0 1278 2207 76976
CEG05 11 32 0 0 0 48063
CEG09 23 146 0 8171 7072 60806
CEG09 28 180 0 13639 3921 24341
CEG07 20 125 0 19802 0 8313
CEG07 19 115 0 10474 0 508
CEG03 17 101 0 1122 3179 4567
CEG05 24 73 0 0 0 91250
CEG07 24 148 0 34531 0 1826
CEG07 19 119 0 34614 0 5841
CEG07 19 120 0 13373 0 6036
CEG07 20 121 0 36753 0 5769
CEG07 20 122 0 38809 0 9819
CEG07 20 123 0 37027 0 4099
CEG07 20 124 0 39476 0 3096
CEG03 25 156 0 4089 472 4391
CEG02 26 82 0 0 0 15367
CEG07 6 32 0 6825 0 1032
CEG07 21 128 0 19466 0 8324
CEG06 4 12 12157 0 0 14238
CEG07 21 130 0 32677 0 4540
CEG07 7 36 0 35609 0 751
CEG07 28 172 0 3822 0 5364
CEG09 7 38 0 7381 3635 5170
CEG03 29 181 0 4818 1580 6823
CEG07 21 129 0 31832 0 1646
CEG07 21 136 0 13926 0 1860
CEG07 30 191 0 32965 0 1509
CEG07 22 138 0 20244 0 2668
CEG02 30 94 0 0 0 18481
CEG05 30 94 0 0 0 94004
CEG03 20 122 0 3333 4422 1980
CEG09 21 131 0 11977 6045 50959
CEG09 11 65 0 9758 4543 15449
CEG07 23 144 0 2580 0 1522
CEG07 23 145 0 30251 0 1835
CEG09 22 136 0 12000 8259 19776
CEG05 5 16 0 0 0 57744
CEG05 11 35 0 0 0 67137
CEG02 4 7 0 0 0 9968
CEG07 3 16 0 12946 0 1441
CEG07 24 151 0 13287 0 8011
CEG03 12 71 0 936 4498 345
CEG09 30 190 0 6155 7474 6176
CEG07 25 154 0 1945 0 1682
CEG03 31 196 0 3193 3384 2240
CEG07 19 114 0 18712 0 4553
CEG03 15 92 0 771 375 4323
CEG01 19 13 72621 0 0 0
CEG03 1 3 0 4399 1654 7094
CEG03 23 141 0 1015 3117 1522
CEG06 6 18 9612 0 0 19384
CEG09 7 37 0 2343 4980 76153
CEG03 25 157 0 556 321 8809
CEG06 18 44 6826 0 0 15268
CEG09 15 97 0 12573 9817 31965
CEG07 26 166 0 39996 0 8715
CEG06 18 45 4986 0 0 15977
CEG02 20 63 0 0 0 20258
CEG03 28 171 0 1609 1581 5482
CEG03 7 44 0 82 4434 3941
CEG09 31 199 0 10490 3161 77300
CEG02 26 84 0 0 0 10018
CEG03 31 192 0 4362 913 9613
CEG07 28 174 0 32931 0 2679
CEG02 22 68 0 0 0 9543
CEG02 22 72 0 0 0 8290
CEG07 30 186 0 17002 0 543
CEG09 18 117 0 6824 8358 66640
CEG05 31 98 0 0 0 24397
CEG02 9 28 0 0 0 21277
CEG06 4 14 20818 0 0 8101
CEG06 13 33 15505 0 0 19409
CEG02 5 11 0 0 0 5602
CEG09 7 40 0 7578 1905 23891
CEG09 28 179 0 2942 8535 11713
CEG07 14 84 0 33325 0 4124
CEG07 9 53 0 38345 0 7941
CEG07 30 188 0 11514 0 4399
CEG05 5 15 0 0 0 80935
CEG03 28 174 0 732 1387 7781
CEG02 22 70 0 0 0 2997
CEG03 1 2 0 1733 2687 8718
CEG09 26 168 0 14357 2879 59699
CEG02 10 31 0 0 0 11695
CEG07 7 39 0 28556 0 9544
CEG09 27 173 0 14787 9118 36119
CEG02 18 58 0 0 0 10387
CEG09 11 72 0 7889 2732 16199
CEG06 14 35 2843 0 0 2560
CEG07 31 200 0 12664 0 1172
